1.61803 39887 49894 84820 45868 34365 63811 77203 09179 80576
  28621 35448 62270 52604 62818 90244 97072 07204 18939 11374
  84754 08807 53868 91752 12663 38622 23536 93179 31800 60766
  72635 44333 89086 59593 95829 05638 32266 13199 28290 26788
  06752 08766 89250 17116 96207 03222 10432 16269 54862 62963
  13614 43814 97587 01220 34080 58879 54454 74924 61856 95364
  86444 92410 44320 77134 49470 49565 84678 85098 74339 44221
  25448 77066 47809 15884 60749 98871 24007 65217 05751 79788
  34166 25624 94075 89069 70400 02812 10427 62177 11177 78053
  15317 14101 17046 66599 14669 79873 17613 56006 70874 80710
  13179 52368 94275 21948 43530 56783 00228 78569 97829 77834
  78458 78228 91109 76250 03026 96156 17002 50464 33824 37764
  86102 83831 26833 03724 29267 52631 16533 92473 16711 12115
  88186 38513 31620 38400 52221 65791 28667 52946 54906 81131
  71599 34323 59734 94985 09040 94762 13222 98101 72610 70596
  11645 62990 98162 90555 20852 47903 52406 02017 27997 47175
  34277 75927 78625 61943 20827 50513 12181 56285 51222 48093
  94712 34145 17022 37358 05772 78616 00868 83829 52304 59264
  78780 17889 92199 02707 76903 89532 19681 98615 14378 03149
  97411 06926 08867 42962 26757 56052 31727 77520 35361 39362