2.23606 79774 99789 69640 91736 68731 27623 54406 18359 61152
  57242 70897 24541 05209 25637 80489 94144 14408 37878 22749
  69508 17615 07737 83504 25326 77244 47073 86358 63601 21533
  45270 88667 78173 19187 91658 11276 64532 26398 56580 53576
  13504 17533 78500 34233 92414 06444 20864 32539 09725 25926
  27228 87629 95174 02440 68161 17759 08909 49849 23713 90729
  72889 84820 88641 54268 98940 99131 69357 70197 48678 88442
  50897 54132 95618 31769 21499 97742 48015 30434 11503 59576
  68332 51249 88151 78139 40800 05624 20855 24354 22355 56106
  30634 28202 34093 33198 29339 59746 35227 12013 41749 61420
  26359 04737 88550 43896 87061 13566 00457 57139 95659 55669
  56917 56457 82219 52500 06053 92312 34005 00928 67648 75529
  72205 67662 53666 07448 58535 05262 33067 84946 33422 24231
  76372 77026 63240 76801 04443 31582 57335 05893 09813 62263
  43198 68647 19469 89970 18081 89524 26445 96203 45221 41192
  23291 25981 96325 81110 41704 95807 04812 04034 55994 94350
  68555 51855 57251 23886 41655 01026 24363 12571 02444 96187
  89424 68290 34044 74716 11545 57232 01737 67659 04609 18529
  57560 35779 84398 05415 53807 79064 39363 97230 28756 06299
  94822 13852 17734 85924 53515 12104 63455 55040 70722 78724